496
709
791
1365
1829
2028
2363
2398
2413
4755
5040
5418
5745
6585
6753
7051
7418
7678
8309
8684

real	0m3.721s
user	0m0.184s
sys	0m0.042s
2359
3983
5383
6735
8723
8764
9732
10922
12698
13047
13291
13618
13824
14250
14608
14759
15251
15517
16611
17533

real	0m3.598s
user	0m0.166s
sys	0m0.044s
70
362
838
1341
1384
2024
2070
2361
2644
2653
2747
2832
2912
2936
3030
3547
4124
4220
4409
4522

real	0m4.117s
user	0m0.153s
sys	0m0.049s
51
117
218
414
1477
1676
3130
3450
3766
4392
4487
4585
5006
6204
6560
6587
7108
7267
7680
7930

real	0m4.644s
user	0m0.205s
sys	0m0.047s
30
277
740
811
907
1078
1217
1283
1332
1336
1445
1665
1952
2498
2515
2548
2642
2783
2907
3226

real	0m4.634s
user	0m0.225s
sys	0m0.048s
13
95
355
373
447
460
496
777
908
1025
1326
1447
1452
1517
1638
1943
2086
2164
2183
2284

real	0m4.150s
user	0m0.202s
sys	0m0.041s
1742
2276
2307
2842
2925
3571
4002
4010
4056
4516
4653
5395
5659
5671
5798
6068
6911
7825
9010
9318

real	0m4.129s
user	0m0.207s
sys	0m0.039s
92
475
571
588
759
1159
1226
1328
1370
1495
1509
1714
1840
1889
2047
2075
2078
2376
2386
2477

real	0m4.128s
user	0m0.204s
sys	0m0.044s
763
1773
2068
3266
4126
4392
4593
4825
6290
6461
6745
6823
7293
9193
9659
9695
10498
12435
12880
13120

real	0m3.616s
user	0m0.165s
sys	0m0.046s
8
188
473
665
922
1102
1477
1626
1652
1758
2008
2518
2579
2961
2966
3116
3372
3700
4331
4473

real	0m4.133s
user	0m0.174s
sys	0m0.047s

